128
60
0
1
2
3
4
5
4
7
8
9
10
11
12
13
14
15
7
17
18
19
17
21
18
23
24
25
26
13
28
29
10
8
3
19
11
35
14
37
38
35
1
15
19
9
44
45
23
47
0
49
12
19
52
52
54
55
56
57
57
59
5
2
62
63
64
3
64
7
64
64
63
59
64
55
64
15
64
64
78
79
64
81
64
83
64
85
49
87
88
19
90
79
92
93
81
78
96
45
98
29
100
101
14
24
104
28
106
26
108
109
19
14
112
83
114
19
116
117
44
87
120
121
121
123
124
125
21
37
